285.03
325.15
331.13
319.6
173.14.38
319.49
304.108
325.08
319.32
319.23
310.51
319.17
319.12
173.14.37
310.44
313.3
304.88
310.4
313.26
304.84
310.32
313.18
313.09
310.19
304.64
304.6
310.14
173.14.36
304.51
96.43.23
295.75
304.43
304.37
295.71
304.32
304.3
304.22
173.14.35
302.17
295.59
295.53
295.49
302.07
295.4
295.33
295.2
275.43
290.1
275.36
285.05.09
275.28
71.86.15
96.43.20
173.14.31
270.41.34
280.13
275.21
275.19
275.09.07
270.41.22
270.41.19
275.09
173.14.30
270.41.06
260.19.44
270.26
260.19.36
270.18
260.19.29
96.43.19
260.19.21
173.14.28
260.19.12
256.53
71.86.14
96.43.18
256.44
173.14.27
256.35
195.36.31
256.25
195.36.24
195.36.15
71.86.13
173.14.25
96.43.16
195.3
190.53
195.22
173.14.22
96.43.14
190.44
190.42
190.32
185.18.36
190.32
190.42
190.44
195.22
190.53
173.14.25
96.43.16
71.86.13
195.36.15
190.53
195.22
190.44
190.42
190.32
256.35
256.44
270.26
275.09
275.19
275.21
280.13
285.03
275.28
275.36
290.1
275.43
295.2
295.33
295.4
302.07
295.49
295.53
295.59
302.17
304.3
295.71
304.32
304.37
304.43
295.75
304.51
310.14
304.6
304.64
310.19
313.09
313.18
310.32
304.84
313.26
310.4
304.88
310.44
313.3
313.3
319.17
310.51
319.23
319.32
325.08
325.15
304.108
319.49
319.6
331.13
331.17
304.116
319.72
331.2
319.76
173.14.39
304.117
331.38
304.119
334.16
331.49
334.21
304.121
337.12
331.67
337.19
331.79
337.25
340.17
331.89
340.24
304.123
343.13
340.24
304.123
343.13
